2000
1000
500
250
125
124
62
31
30
15
14
7
13
12
10
29
28
14
27
61
60
30
20
10
19
18
59
58
29
57
56
28
55
54
27
18
53
52
26
13
25
24
12
8
23
22
11
10
21
20
51
50
25
49
48
24
16
8
15
47
46
23
45
44
22
43
42
21
14
41
40
20
39
38
19
37
36
18
12
35
34
17
16
33
32
16
31
123
122
61
121
120
60
40
119
118
59
117
116
58
115
114
57
38
113
112
56
111
110
55
109
108
54
36
107
106
53
105
104
52
103
102
51
34
101
100
50
99
98
49
97
96
48
32
95
94
47
93
92
46
91
90
45
30
89
88
44
87
86
43
85
84
42
28
83
82
41
81
80
40
79
78
39
26
77
76
38
75
74
37
73
72
36
24
71
70
35
69
68
34
67
66
33
22
65
64
32
63
62
249
248
124
247
246
123
82
245
244
122
243
242
121
241
240
120
80
239
238
119
237
236
118
235
234
117
78
233
232
116
231
230
115
229
228
114
76
227
226
113
225
224
112
223
222
111
74
221
220
110
219
218
109
217
216
108
72
215
214
107
213
212
106
211
210
105
70
209
208
104
207
206
103
205
204
102
68
203
202
101
201
200
100
199
198
99
66
197
196
98
195
194
97
193
192
96
64
191
190
95
189
188
94
187
186
93
62
185
184
92
183
182
91
181
180
90
60
179
178
89
177
176
88
175
174
87
58
173
172
86
171
170
85
169
168
84
56
167
166
83
165
164
82
163
162
81
54
161
160
80
159
158
79
157
156
78
52
155
154
77
153
152
76
151
150
75
50
149
148
74
147
146
73
145
144
72
48
143
142
71
141
140
70
139
138
69
46
137
136
68
135
134
67
133
132
66
44
131
130
65
129
128
64
127
126
63
42
125
499
498
249
166
497
496
248
495
494
247
493
492
246
164
491
490
245
489
488
244
487
486
243
162
485
484
242
483
482
241
481
480
240
160
479
478
239
477
476
238
475
474
237
158
473
472
236
471
470
235
469
468
234
156
467
466
233
465
464
232
463
462
231
154
461
460
230
459
458
229
457
456
228
152
455
454
227
453
452
226
451
450
225
150
449
448
224
447
446
223
445
444
222
148
443
442
221
441
440
220
439
438
219
146
437
436
218
435
434
217
433
432
216
144
431
430
215
429
428
214
427
426
213
142
425
424
212
423
422
211
421
420
210
140
419
418
209
417
416
208
415
414
207
138
413
412
206
411
410
205
409
408
204
136
407
406
203
405
404
202
403
402
201
134
401
400
200
399
398
199
397
396
198
132
395
394
197
393
392
196
391
390
195
130
389
388
194
387
386
193
385
384
192
128
383
382
191
381
380
190
379
378
189
126
377
376
188
375
374
187
373
372
186
124
371
370
185
369
368
184
367
366
183
122
365
364
182
363
362
181
361
360
180
120
359
358
179
357
356
178
355
354
177
118
353
352
176
351
350
175
349
348
174
116
347
346
173
345
344
172
343
342
171
114
341
340
170
339
338
169
337
336
168
112
335
334
167
333
332
166
331
330
165
110
329
328
164
327
326
163
325
324
162
108
323
322
161
321
320
160
319
318
159
106
317
316
158
315
314
157
313
312
156
104
311
310
155
309
308
154
307
306
153
102
305
304
152
303
302
151
301
300
150
100
299
298
149
297
296
148
295
294
147
98
293
292
146
291
290
145
289
288
144
96
287
286
143
285
284
142
283
282
141
94
281
280
140
279
278
139
277
276
138
92
275
274
137
273
272
136
271
270
135
90
269
268
134
267
266
133
265
264
132
88
263
262
131
261
260
130
259
258
129
86
257
256
128
255
254
127
253
252
126
84
251
250
999
998
499
997
996
498
332
995
994
497
993
992
496
991
990
495
330
989
988
494
987
986
493
985
984
492
328
983
982
491
981
980
490
979
978
489
326
977
976
488
975
974
487
973
972
486
324
971
970
485
969
968
484
967
966
483
322
965
964
482
963
962
481
961
960
480
320
959
958
479
957
956
478
955
954
477
318
953
952
476
951
950
475
949
948
474
316
947
946
473
945
944
472
943
942
471
314
941
940
470
939
938
469
937
936
468
312
935
934
467
933
932
466
931
930
465
310
929
928
464
927
926
463
925
924
462
308
923
922
461
921
920
460
919
918
459
306
917
916
458
915
914
457
913
912
456
304
911
910
455
909
908
454
907
906
453
302
905
904
452
903
902
451
901
900
450
300
899
898
449
897
896
448
895
894
447
298
893
892
446
891
890
445
889
888
444
296
887
886
443
885
884
442
883
882
441
294
881
880
440
879
878
439
877
876
438
292
875
874
437
873
872
436
871
870
435
290
869
868
434
867
866
433
865
864
432
288
863
862
431
861
860
430
859
858
429
286
857
856
428
855
854
427
853
852
426
284
851
850
425
849
848
424
847
846
423
282
845
844
422
843
842
421
841
840
420
280
839
838
419
837
836
418
835
834
417
278
833
832
416
831
830
415
829
828
414
276
827
826
413
825
824
412
823
822
411
274
821
820
410
819
818
409
817
816
408
272
815
814
407
813
812
406
811
810
405
270
809
808
404
807
806
403
805
804
402
268
803
802
401
801
800
400
799
798
399
266
797
796
398
795
794
397
793
792
396
264
791
790
395
789
788
394
787
786
393
262
785
784
392
783
782
391
781
780
390
260
779
778
389
777
776
388
775
774
387
258
773
772
386
771
770
385
769
768
384
256
767
766
383
765
764
382
763
762
381
254
761
760
380
759
758
379
757
756
378
252
755
754
377
753
752
376
751
750
375
250
749
748
374
747
746
373
745
744
372
248
743
742
371
741
740
370
739
738
369
246
737
736
368
735
734
367
733
732
366
244
731
730
365
729
728
364
727
726
363
242
725
724
362
723
722
361
721
720
360
240
719
718
359
717
716
358
715
714
357
238
713
712
356
711
710
355
709
708
354
236
707
706
353
705
704
352
703
702
351
234
701
700
350
699
698
349
697
696
348
232
695
694
347
693
692
346
691
690
345
230
689
688
344
687
686
343
685
684
342
228
683
682
341
681
680
340
679
678
339
226
677
676
338
675
674
337
673
672
336
224
671
670
335
669
668
334
667
666
333
222
665
664
332
663
662
331
661
660
330
220
659
658
329
657
656
328
655
654
327
218
653
652
326
651
650
325
649
648
324
216
647
646
323
645
644
322
643
642
321
214
641
640
320
639
638
319
637
636
318
212
635
634
317
633
632
316
631
630
315
210
629
628
314
627
626
313
625
624
312
208
623
622
311
621
620
310
619
618
309
206
617
616
308
615
614
307
613
612
306
204
611
610
305
609
608
304
607
606
303
202
605
604
302
603
602
301
601
600
300
200
599
598
299
597
596
298
595
594
297
198
593
592
296
591
590
295
589
588
294
196
587
586
293
585
584
292
583
582
291
194
581
580
290
579
578
289
577
576
288
192
575
574
287
573
572
286
571
570
285
190
569
568
284
567
566
283
565
564
282
188
563
562
281
561
560
280
559
558
279
186
557
556
278
555
554
277
553
552
276
184
551
550
275
549
548
274
547
546
273
182
545
544
272
543
542
271
541
540
270
180
539
538
269
537
536
268
535
534
267
178
533
532
266
531
530
265
529
528
264
176
527
526
263
525
524
262
523
522
261
174
521
520
260
519
518
259
517
516
258
172
515
514
257
513
512
256
511
510
255
170
509
508
254
507
506
253
505
504
252
168
503
502
251
501
500
1999
1998
999
666
1997
1996
998
1995
1994
997
1993
1992
996
664
1991
1990
995
1989
1988
994
1987
1986
993
662
1985
1984
992
1983
1982
991
1981
1980
990
660
1979
1978
989
1977
1976
988
1975
1974
987
658
1973
1972
986
1971
1970
985
1969
1968
984
656
1967
1966
983
1965
1964
982
1963
1962
981
654
1961
1960
980
1959
1958
979
1957
1956
978
652
1955
1954
977
1953
1952
976
1951
1950
975
650
1949
1948
974
1947
1946
973
1945
1944
972
648
1943
1942
971
1941
1940
970
1939
1938
969
646
1937
1936
968
1935
1934
967
1933
1932
966
644
1931
1930
965
1929
1928
964
1927
1926
963
642
1925
1924
962
1923
1922
961
1921
1920
960
640
1919
1918
959
1917
1916
958
1915
1914
957
638
1913
1912
956
1911
1910
955
1909
1908
954
636
1907
1906
953
1905
1904
952
1903
1902
951
634
1901
1900
950
1899
1898
949
1897
1896
948
632
1895
1894
947
1893
1892
946
1891
1890
945
630
1889
1888
944
1887
1886
943
1885
1884
942
628
1883
1882
941
1881
1880
940
1879
1878
939
626
1877
1876
938
1875
1874
937
1873
1872
936
624
1871
1870
935
1869
1868
934
1867
1866
933
622
1865
1864
932
1863
1862
931
1861
1860
930
620
1859
1858
929
1857
1856
928
1855
1854
927
618
1853
1852
926
1851
1850
925
1849
1848
924
616
1847
1846
923
1845
1844
922
1843
1842
921
614
1841
1840
920
1839
1838
919
1837
1836
918
612
1835
1834
917
1833
1832
916
1831
1830
915
610
1829
1828
914
1827
1826
913
1825
1824
912
608
1823
1822
911
1821
1820
910
1819
1818
909
606
1817
1816
908
1815
1814
907
1813
1812
906
604
1811
1810
905
1809
1808
904
1807
1806
903
602
1805
1804
902
1803
1802
901
1801
1800
900
600
1799
1798
899
1797
1796
898
1795
1794
897
598
1793
1792
896
1791
1790
895
1789
1788
894
596
1787
1786
893
1785
1784
892
1783
1782
891
594
1781
1780
890
1779
1778
889
1777
1776
888
592
1775
1774
887
1773
1772
886
1771
1770
885
590
1769
1768
884
1767
1766
883
1765
1764
882
588
1763
1762
881
1761
1760
880
1759
1758
879
586
1757
1756
878
1755
1754
877
1753
1752
876
584
1751
1750
875
1749
1748
874
1747
1746
873
582
1745
1744
872
1743
1742
871
1741
1740
870
580
1739
1738
869
1737
1736
868
1735
1734
867
578
1733
1732
866
1731
1730
865
1729
1728
864
576
1727
1726
863
1725
1724
862
1723
1722
861
574
1721
1720
860
1719
1718
859
1717
1716
858
572
1715
1714
857
1713
1712
856
1711
1710
855
570
1709
1708
854
1707
1706
853
1705
1704
852
568
1703
1702
851
1701
1700
850
1699
1698
849
566
1697
1696
848
1695
1694
847
1693
1692
846
564
1691
1690
845
1689
1688
844
1687
1686
843
562
1685
1684
842
1683
1682
841
1681
1680
840
560
1679
1678
839
1677
1676
838
1675
1674
837
558
1673
1672
836
1671
1670
835
1669
1668
834
556
1667
1666
833
1665
1664
832
1663
1662
831
554
1661
1660
830
1659
1658
829
1657
1656
828
552
1655
1654
827
1653
1652
826
1651
1650
825
550
1649
1648
824
1647
1646
823
1645
1644
822
548
1643
1642
821
1641
1640
820
1639
1638
819
546
1637
1636
818
1635
1634
817
1633
1632
816
544
1631
1630
815
1629
1628
814
1627
1626
813
542
1625
1624
812
1623
1622
811
1621
1620
810
540
1619
1618
809
1617
1616
808
1615
1614
807
538
1613
1612
806
1611
1610
805
1609
1608
804
536
1607
1606
803
1605
1604
802
1603
1602
801
534
1601
1600
800
1599
1598
799
1597
1596
798
532
1595
1594
797
1593
1592
796
1591
1590
795
530
1589
1588
794
1587
1586
793
1585
1584
792
528
1583
1582
791
1581
1580
790
1579
1578
789
526
1577
1576
788
1575
1574
787
1573
1572
786
524
1571
1570
785
1569
1568
784
1567
1566
783
522
1565
1564
782
1563
1562
781
1561
1560
780
520
1559
1558
779
1557
1556
778
1555
1554
777
518
1553
1552
776
1551
1550
775
1549
1548
774
516
1547
1546
773
1545
1544
772
1543
1542
771
514
1541
1540
770
1539
1538
769
1537
1536
768
512
1535
1534
767
1533
1532
766
1531
1530
765
510
1529
1528
764
1527
1526
763
1525
1524
762
508
1523
1522
761
1521
1520
760
1519
1518
759
506
1517
1516
758
1515
1514
757
1513
1512
756
504
1511
1510
755
1509
1508
754
1507
1506
753
502
1505
1504
752
1503
1502
751
1501
1500
750
500
1499
1498
749
1497
1496
748
1495
1494
747
498
1493
1492
746
1491
1490
745
1489
1488
744
496
1487
1486
743
1485
1484
742
1483
1482
741
494
1481
1480
740
1479
1478
739
1477
1476
738
492
1475
1474
737
1473
1472
736
1471
1470
735
490
1469
1468
734
1467
1466
733
1465
1464
732
488
1463
1462
731
1461
1460
730
1459
1458
729
486
1457
1456
728
1455
1454
727
1453
1452
726
484
1451
1450
725
1449
1448
724
1447
1446
723
482
1445
1444
722
1443
1442
721
1441
1440
720
480
1439
1438
719
1437
1436
718
1435
1434
717
478
1433
1432
716
1431
1430
715
1429
1428
714
476
1427
1426
713
1425
1424
712
1423
1422
711
474
1421
1420
710
1419
1418
709
1417
1416
708
472
1415
1414
707
1413
1412
706
1411
1410
705
470
1409
1408
704
1407
1406
703
1405
1404
702
468
1403
1402
701
1401
1400
700
1399
1398
699
466
1397
1396
698
1395
1394
697
1393
1392
696
464
1391
1390
695
1389
1388
694
1387
1386
693
462
1385
1384
692
1383
1382
691
1381
1380
690
460
1379
1378
689
1377
1376
688
1375
1374
687
458
1373
1372
686
1371
1370
685
1369
1368
684
456
1367
1366
683
1365
1364
682
1363
1362
681
454
1361
1360
680
1359
1358
679
1357
1356
678
452
1355
1354
677
1353
1352
676
1351
1350
675
450
1349
1348
674
1347
1346
673
1345
1344
672
448
1343
1342
671
1341
1340
670
1339
1338
669
446
1337
1336
668
1335
1334
667
1333
1332
666
444
1331
1330
665
1329
1328
664
1327
1326
663
442
1325
1324
662
1323
1322
661
1321
1320
660
440
1319
1318
659
1317
1316
658
1315
1314
657
438
1313
1312
656
1311
1310
655
1309
1308
654
436
1307
1306
653
1305
1304
652
1303
1302
651
434
1301
1300
650
1299
1298
649
1297
1296
648
432
1295
1294
647
1293
1292
646
1291
1290
645
430
1289
1288
644
1287
1286
643
1285
1284
642
428
1283
1282
641
1281
1280
640
1279
1278
639
426
1277
1276
638
1275
1274
637
1273
1272
636
424
1271
1270
635
1269
1268
634
1267
1266
633
422
1265
1264
632
1263
1262
631
1261
1260
630
420
1259
1258
629
1257
1256
628
1255
1254
627
418
1253
1252
626
1251
1250
625
1249
1248
624
416
1247
1246
623
1245
1244
622
1243
1242
621
414
1241
1240
620
1239
1238
619
1237
1236
618
412
1235
1234
617
1233
1232
616
1231
1230
615
410
1229
1228
614
1227
1226
613
1225
1224
612
408
1223
1222
611
1221
1220
610
1219
1218
609
406
1217
1216
608
1215
1214
607
1213
1212
606
404
1211
1210
605
1209
1208
604
1207
1206
603
402
1205
1204
602
1203
1202
601
1201
1200
600
400
1199
1198
599
1197
1196
598
1195
1194
597
398
1193
1192
596
1191
1190
595
1189
1188
594
396
1187
1186
593
1185
1184
592
1183
1182
591
394
1181
1180
590
1179
1178
589
1177
1176
588
392
1175
1174
587
1173
1172
586
1171
1170
585
390
1169
1168
584
1167
1166
583
1165
1164
582
388
1163
1162
581
1161
1160
580
1159
1158
579
386
1157
1156
578
1155
1154
577
1153
1152
576
384
1151
1150
575
1149
1148
574
1147
1146
573
382
1145
1144
572
1143
1142
571
1141
1140
570
380
1139
1138
569
1137
1136
568
1135
1134
567
378
1133
1132
566
1131
1130
565
1129
1128
564
376
1127
1126
563
1125
1124
562
1123
1122
561
374
1121
1120
560
1119
1118
559
1117
1116
558
372
1115
1114
557
1113
1112
556
1111
1110
555
370
1109
1108
554
1107
1106
553
1105
1104
552
368
1103
1102
551
1101
1100
550
1099
1098
549
366
1097
1096
548
1095
1094
547
1093
1092
546
364
1091
1090
545
1089
1088
544
1087
1086
543
362
1085
1084
542
1083
1082
541
1081
1080
540
360
1079
1078
539
1077
1076
538
1075
1074
537
358
1073
1072
536
1071
1070
535
1069
1068
534
356
1067
1066
533
1065
1064
532
1063
1062
531
354
1061
1060
530
1059
1058
529
1057
1056
528
352
1055
1054
527
1053
1052
526
1051
1050
525
350
1049
1048
524
1047
1046
523
1045
1044
522
348
1043
1042
521
1041
1040
520
1039
1038
519
346
1037
1036
518
1035
1034
517
1033
1032
516
344
1031
1030
515
1029
1028
514
1027
1026
513
342
1025
1024
512
1023
1022
511
1021
1020
510
340
1019
1018
509
1017
1016
508
1015
1014
507
338
1013
1012
506
1011
1010
505
1009
1008
504
336
1007
1006
503
1005
1004
